KNeighbors, with year (1 -year):
             precision    recall  f1-score   support

          0       0.98      1.00      0.99    280838
          1       0.15      0.02      0.04      1925
          2       0.15      0.02      0.03      1708
          3       0.06      0.00      0.01       652
          4       0.15      0.01      0.02       483
          5       0.00      0.00      0.00       312
          6       0.00      0.00      0.00       241
          7       0.00      0.00      0.00       193
          8       0.11      0.01      0.01       159
          9       0.00      0.00      0.00       119
         10       0.00      0.00      0.00        90
         11       0.00      0.00      0.00        79
         12       0.00      0.00      0.00        62
         13       0.00      0.00      0.00        44
         14       0.00      0.00      0.00        38
         15       0.00      0.00      0.00        42
         16       0.00      0.00      0.00        36
         17       0.00      0.00      0.00        32
         18       0.00      0.00      0.00        28
         19       0.00      0.00      0.00        18
         20       0.00      0.00      0.00        15
         21       0.00      0.00      0.00        12
         22       0.00      0.00      0.00        12
         23       0.00      0.00      0.00        12
         24       0.00      0.00      0.00         7
         25       0.00      0.00      0.00        12
         26       0.00      0.00      0.00         7
         27       0.00      0.00      0.00         5
         28       0.00      0.00      0.00         9
         29       0.00      0.00      0.00         6
         30       0.00      0.00      0.00         6
         31       0.00      0.00      0.00         4
         32       0.00      0.00      0.00         4
         33       0.00      0.00      0.00         3
         34       0.00      0.00      0.00         4
         35       0.00      0.00      0.00         3
         36       0.00      0.00      0.00         4
         37       0.00      0.00      0.00         3
         38       0.00      0.00      0.00         3
         40       0.00      0.00      0.00         2
         41       0.00      0.00      0.00         1
         42       0.00      0.00      0.00         1
         43       0.00      0.00      0.00         2
         45       0.00      0.00      0.00         3
         46       0.00      0.00      0.00         1
         47       0.00      0.00      0.00         3
         48       0.00      0.00      0.00         1
         49       0.00      0.00      0.00         2
         50       0.00      0.00      0.00         2
         51       0.00      0.00      0.00         1
         52       0.00      0.00      0.00         1
         53       0.00      0.00      0.00         1
         54       0.00      0.00      0.00         1
         55       0.00      0.00      0.00         1
         56       0.00      0.00      0.00         2
         57       0.00      0.00      0.00         2
         58       0.00      0.00      0.00         1
         62       0.00      0.00      0.00         1
         63       0.00      0.00      0.00         1
         64       0.00      0.00      0.00         1
         70       0.00      0.00      0.00         2
         72       0.00      0.00      0.00         1
         73       0.00      0.00      0.00         1
         78       0.00      0.00      0.00         1
         79       0.00      0.00      0.00         1
         86       0.00      0.00      0.00         1
         87       0.00      0.00      0.00         2
         95       0.00      0.00      0.00         1
         98       0.00      0.00      0.00         1
         99       0.00      0.00      0.00         1
        101       0.00      0.00      0.00         1
        128       0.00      0.00      0.00         1
        139       0.00      0.00      0.00         1
        152       0.00      0.00      0.00         1
        153       0.00      0.00      0.00         1
        165       0.00      0.00      0.00         1
        186       0.00      0.00      0.00         1

avg / total       0.96      0.98      0.97    287280


